      22       0     -12       0       0       0      -5    8.66       0       0
       0      30       0       0       0       0    8.66     -15       0       0
     -12       0      34       0     -12       0      -5   -8.66      -5    8.66
       0       0       0      30       0       0   -8.66     -15    8.66     -15
       0       0     -12       0      22       0       0       0      -5   -8.66
       0       0       0       0       0      30       0       0   -8.66     -15
      -5    8.66      -5   -8.66       0       0      34      -0     -12       0
    8.66     -15   -8.66     -15       0       0      -0      30       0       0
       0       0      -5    8.66      -5   -8.66     -12       0      34      -0
       0       0    8.66     -15   -8.66     -15       0       0      -0      30
